706
215
714
270
432
169
223
312
10
180
79
138
284
443
718
712
178
4
72
211
153
435
160
252
192
652
113
306
314
22
88
245
115
274
132
461
182
61
163
313
1
648
59
195
523
711
172
65
186
445
427
87
460
447
121
100
118
109
309
308
127
145
122
459
11
187
307
494
135
67
281
716
601
263
3
193
487
773
426
146
509
159
310
528
20
235
144
143
158
444
475
142
102
708
99
98
162
520
116
430
422
90
424
156
316
200
522
721
529
155
136
469
191
89
164
450
364
201
428
147
177
112
130
456
480
203
133
151
107
124
454
12
174
97
171
583
434
452
485
604
311
514
455
471
123
759
431
105
131
642
111
511
517
507
437
674
120
453
84
446
126
532
524
442
441
167
94
513
7
27
677
425
747
198
527
150
624
101
30
13
584
149
29
416
599
664
28
214
365
644
468
95
5
457
412
745
6
19
9
742
148
181
331
458
125
552
510
655
466
134
17
515
630
202
508
516
398
248
119
521
258
610
653
139
709
58
641
661
423
667
128
141
666
26
168
753
185
448
236
373
646
484
68
614
183
608
736
739
462
555
748
433
282
24
678
647
639
438
21
766
137
421
676
176
620
503
660
70
8
651
567
233
345
740
526
16
451
129
71
418
359
735
727
271
333
196
376
654
464
671
362
785
545
429
605
414
602
518
490
536
166
440
85
506
410
662
713
720
449
251
62
378
75
110
140
372
419
344
64
719
675
272
626
436
609
565
762
627
340
355
673
770
658
217
649
738
603
707
15
616
189
417
409
477
607
519
730
57
352
491
633
681
702
617
723
73
540
69
679
715
670
650
580
665
114
629
724
343
619
597
512
783
530
279
413
757
722
692
741
408
342
615
554
728
663
411
546
618
420
60
357
551
645
361
76
336
374
771
315
474
247
463
23
356
746
268
611
66
77
668
96
501
682
669
786
353
351
548
370
755
476
717
737
780
588
710
559
25
557
439
82
581
360
472
350
680
628
656
229
788
697
349
570
354
337
221
473
78
241
470
117
348
338
686
643
261
784
791
549
347
672
335
334
782
749
63
543
396
489
482
582
744
575
492
659
750
505
497
18
415
106
558
80
391
346
74
332
781
694
787
204
579
496
688
704
385
92
384
743
566
103
572
382
752
368
734
733
339
638
600
465
698
264
537
246
488
212
701
207
383
51
586
756
479
53
498
696
317
388
564
685
699
36
14
243
467
256
695
327
657
585
254
486
632
358
576
726
794
768
277
539
763
500
266
52
764
556
276
779
46
45
776
389
777
238
262
725
621
366
578
341
683
700
367
684
483
789
44
47
775
689
278
381
731
560
693
691
690
83
224
56
390
705
386
761
41
38
547
55
790
772
569
237
32
42
493
50
778
48
571
561
502
613
231
587
531
553
43
392
525
774
538
563
625
797
35
40
612
703
37
622
542
495
394
550
39
227
574
369
793
544
218
754
803
499
573
199
765
205
568
393
634
687
406
635
363
504
208
535
375
54
387
230
399
165
239
577
805
226
81
481
380
590
283
322
259
407
795
377
265
799
49
249
798
220
533
253
33
758
240
228
405
209
323
234
242
767
595
34
213
206
267
250
792
404
478
402
401
219
244
257
606
637
269
397
255
591
319
31
275
222
225
318
636
760
395
403
280
273
751
593
232
330
329
541
321
170
796
324
802
161
104
326
175
801
592
328
173
732
596
93
325
157
589
640
804
210
400
371
184
320
594
562
534
190
108
91
216
179
194
729
800
623
769
152
379
197
188
260
86
301
292
305
287
289
293
299
298
290
303
288
291
304
297
302
294
286
300
285
631
295
296
154
598
