744
192
741
746
184
674
4
734
0
673
162
666
522
154
727
747
660
147
737
71
171
157
738
125
726
646
664
675
721
527
173
21
735
613
521
722
650
720
2
508
132
601
677
8
528
681
283
459
517
194
9
723
654
626
506
651
519
717
510
415
190
10
516
182
11
493
168
131
439
78
70
433
643
676
19
68
525
649
142
670
425
27
658
623
638
181
161
26
436
603
474
770
444
432
191
363
745
616
429
199
14
468
354
202
707
526
514
25
330
155
343
765
662
511
144
185
672
606
145
551
668
315
28
513
644
158
641
507
16
642
195
186
7
141
619
200
628
596
434
554
786
352
310
177
112
729
680
66
72
512
29
423
332
64
351
214
150
86
618
117
201
427
309
608
120
758
94
188
5
610
408
152
176
126
339
566
430
491
60
75
349
632
661
306
732
269
341
420
24
523
353
129
197
685
653
99
257
602
509
598
57
582
627
65
779
281
442
234
106
280
531
307
347
417
604
62
110
431
170
59
6
262
647
545
719
3
411
736
544
435
165
678
607
769
665
311
137
335
213
426
210
159
520
754
599
637
410
458
645
479
421
413
67
101
782
691
397
312
696
772
114
441
600
407
148
416
74
663
470
270
428
486
412
629
222
180
453
15
461
615
149
652
733
614
422
710
273
515
695
371
465
780
481
440
476
609
179
271
625
345
739
640
308
123
700
705
138
121
713
58
711
655
409
693
445
752
490
443
703
725
313
617
657
69
414
97
1
667
146
87
244
535
372
163
756
76
166
167
659
751
96
740
63
489
133
247
462
73
251
687
130
583
250
697
305
175
235
631
755
81
424
143
463
61
23
446
56
216
460
694
437
715
108
232
377
140
83
748
119
730
79
111
134
467
692
454
88
17
684
763
708
580
529
553
438
778
699
656
771
451
77
122
679
774
743
314
648
557
455
456
698
671
100
742
749
564
135
104
753
418
701
118
375
620
115
761
449
98
775
89
688
93
13
783
518
689
612
337
450
361
683
124
419
355
475
682
718
762
457
127
704
776
724
500
706
316
611
764
621
54
84
587
777
20
712
543
784
45
787
579
55
690
52
50
47
136
781
128
452
496
344
41
702
483
51
585
760
113
448
484
624
552
669
340
447
381
43
49
42
364
487
524
757
716
569
473
773
714
505
40
18
502
562
478
550
469
139
36
44
53
785
109
342
358
686
558
633
574
46
35
539
48
584
22
31
471
80
565
635
373
581
395
359
95
39
556
37
571
356
334
570
369
34
575
555
767
709
105
542
390
636
750
384
586
267
350
536
32
33
578
530
91
388
382
333
547
546
367
538
260
548
387
338
563
464
362
102
116
634
326
385
497
38
380
30
472
360
488
246
336
278
573
331
537
228
393
237
263
198
346
499
365
383
348
577
240
605
495
494
389
504
731
540
211
265
220
790
206
804
276
568
567
485
501
498
245
392
560
793
255
242
622
357
386
466
321
391
203
368
329
492
366
559
253
480
482
275
277
503
261
728
798
236
374
572
549
379
376
405
797
404
534
533
789
796
223
82
541
230
792
282
164
766
639
802
398
788
532
406
226
217
327
207
238
477
229
791
394
768
219
370
401
799
589
400
803
594
317
759
403
576
794
204
252
264
396
324
258
208
318
402
248
225
561
241
319
801
322
328
233
795
212
800
239
320
227
243
205
274
249
268
218
221
592
590
323
266
174
254
399
256
325
595
224
103
591
272
92
259
172
291
279
169
160
231
90
588
300
289
156
183
302
378
304
593
209
292
297
288
189
107
286
178
303
193
298
287
215
296
187
290
293
151
299
284
196
301
285
294
85
630
295
597
153
